169
168
149
162
159
149
166
164
138
161
165
149
158
161
160
41
88
82
42
165
15
147
147
164
159
267
163
277
284
269
272
289
293
184
250
307
274
270
272
304
255
265
277
172
183
273
276
311
163
185
266
278
308
319
161
180
260
273
174
263
266
165
182
281
163
171
176
199
237
265
273
278
202
268
283
321
173
242
157
208
276
281
160
239
182
203
268
317
187
192
195
320
203
155
184
197
237
272
280
173
179
181
187
191
204
206
165
170
199
177
188
185
204
209
319
167
187
199
179
193
212
177
205
283
161
181
189
192
197
201
203
238
281
307
155
212
235
248
250
304
448
159
177
179
183
185
189
192
199
201
206
210
216
232
238
246
274
277
322
173
197
441
483
502
182
186
191
244
430
154
184
205
209
252
269
404
433
442
446
501
535
147
273
282
511
151
196
213
224
242
267
401
441
443
528
149
187
216
247
254
316
434
486
162
170
207
222
262
288
291
168
174
185
234
302
487
143
208
220
247
435
528
149
171
200
488
158
197
207
211
215
234
249
420
170
200
203
415
144
158
185
247
250
301
321
406
422
427
486
514
161
174
195
215
253
510
519
237
248
298
507
168
183
198
251
295
313
418
422
427
504
518
175
186
255
288
420
425
429
486
523
181
184
312
416
147
193
196
225
239
505
178
186
288
184
227
236
253
318
401
475
506
147
167
196
312
170
178
221
256
262
276
281
533
148
181
193
239
442
501
527
168
219
223
243
280
531
197
271
310
447
462
490
499
147
156
168
194
317
466
199
244
312
319
440
451
321
324
328
336
338
461
218
231
250
284
302
333
358
370
378
215
225
245
255
272
282
304
381
451
493
495
285
288
295
321
378
390
453
457
167
258
262
268
299
306
331
373
438
460
164
206
226
229
251
255
178
258
269
284
288
167
180
201
205
256
277
279
326
331
512
161
199
203
228
281
291
304
309
437
469
516
185
192
194
224
260
268
286
297
170
263
272
311
316
158
182
205
220
255
297
321
360
448
455
514
218
226
285
301
444
469
172
210
247
257
321
383
446
158
164
213
243
271
316
381
525
529
535
196
199
203
208
268
360
375
461
162
167
219
223
230
255
270
272
284
303
384
438
192
197
200
206
290
347
350
372
387
510
528
535
221
272
317
375
435
185
201
279
311
330
371
529
156
162
187
193
274
284
287
533
171
247
370
373
388
466
185
196
242
289
316
346
511
157
173
187
391
167
190
206
239
304
316
334
336
338
340
343
423
532
164
171
234
312
327
367
391
177
205
534
158
161
169
243
260
290
314
173
179
192
197
208
236
251
327
348
163
166
171
258
312
161
219
245
261
298
301
316
386
447
170
173
175
293
330
334
338
381
199
241
303
317
323
340
349
405
158
167
216
266
287
511
253
260
514
161
201
211
245
326
330
156
168
177
182
198
255
341
394
505
532
173
213
216
388
392
186
195
323
346
172
177
208
332
146
155
378
501
505
520
475
305
317
124
136
300
314
334
429
536
280
285
307
309
332
121
295
298
256
278
283
286
377
535
271
305
474
234
259
292
310
314
354
394
398
472
504
512
515
519
522
526
123
221
251
254
277
280
285
302
360
531
535
125
231
235
243
266
272
287
291
294
297
308
313
316
365
393
512
514
525
213
217
224
253
279
283
305
371
408
454
517
530
123
238
245
267
275
294
296
301
353
485
502
515
525
120
145
200
233
254
264
288
311
371
375
380
398
476
511
513
535
170
179
182
186
239
248
272
276
281
299
302
351
357
394
405
506
530
533
149
152
159
231
236
266
287
295
337
469
472
474
479
485
519
535
68
140
220
223
250
254
256
279
333
392
407
461
488
143
208
216
242
268
273
289
294
311
354
358
398
68
120
161
192
196
200
229
259
262
281
284
304
307
335
482
514
526
64
141
145
213
217
243
251
276
292
296
299
313
315
358
170
201
228
231
256
265
284
286
309
338
347
480
62
70
190
195
215
220
250
271
274
279
298
316
531
534
98
147
200
208
242
244
262
266
292
310
67
70
96
141
159
192
233
258
282
300
304
335
338
519
535
64
175
183
213
217
239
244
248
266
273
295
314
343
155
171
179
195
235
258
260
288
305
161
166
182
184
215
219
224
293
297
317
63
68
143
145
199
207
226
233
238
264
267
271
309
312
168
191
252
255
278
281
287
304
519
526
532
538
162
165
210
218
220
236
239
247
273
292
182
202
223
227
231
258
279
284
386
392
394
146
196
215
267
275
453
455
493
179
199
208
233
237
252
259
264
294
318
412
460
487
489
162
166
187
191
255
288
313
491
493
561
169
213
240
243
270
301
146
181
185
196
201
223
265
292
296
318
148
153
171
215
255
263
280
285
166
208
246
272
276
299
177
181
191
198
230
260
268
294
568
163
171
225
252
257
282
395
456
552
150
155
161
174
181
183
232
237
248
397
167
170
157
224
304
307
400
175
203
208
216
310
314
445
192
196
297
301
317
403
144
155
178
219
290
293
312
568
160
172
206
213
256
259
282
308
141
144
154
262
273
296
299
304
314
319
404
61
136
176
235
252
269
287
311
400
240
256
278
305
509
568
245
264
266
270
290
294
297
317
259
285
308
149
185
220
225
228
250
254
277
281
299
303
316
319
321
503
512
177
212
265
268
273
310
135
169
191
200
203
234
256
301
507
521
150
188
218
240
244
249
270
276
289
293
314
322
342
138
140
171
176
184
209
228
234
236
259
262
283
308
339
344
354
360
362
364
369
374
159
168
194
197
207
232
254
274
277
297
349
501
143
153
181
216
220
237
242
268
292
315
320
170
199
204
229
260
264
280
307
311
358
367
153
162
214
224
252
271
295
299
303
322
520
144
171
179
209
222
236
239
266
287
290
525
165
204
227
232
249
254
263
278
281
340
345
354
369
374
498
144
150
159
190
207
219
246
274
297
315
321
350
360
134
168
211
236
261
295
309
358
367
498
522
527
194
199
224
257
276
300
337
344
346
348
179
186
213
244
248
288
320
171
208
228
232
260
263
283
293
312
524
151
157
159
162
201
223
253
271
274
340
352
403
133
138
146
187
206
211
215
237
247
266
348
203
262
497
147
151
153
159
189
197
217
242
250
338
528
112
136
143
172
176
449
494
157
163
192
201
227
235
322
145
186
215
317
342
348
352
442
58
133
138
172
208
304
313
325
149
160
191
198
221
280
300
347
351
455
459
154
180
186
287
295
316
320
466
526
173
259
263
282
310
448
471
148
156
161
187
214
246
261
269
275
323
524
140
178
233
256
290
303
313
471
533
58
166
204
225
261
306
309
311
467
494
149
180
184
189
192
216
221
244
248
271
296
301
469
134
141
172
207
231
236
264
287
292
476
488
156
169
199
219
223
254
283
472
491
494
520
569
59
143
148
242
246
269
275
296
303
136
207
234
257
261
475
479
484
131
166
185
190
193
197
244
248
326
487
498
566
571
57
149
181
212
216
265
273
300
320
343
578
617
172
176
185
200
203
208
227
235
239
252
257
294
499
559
569
625
42
169
190
195
219
276
280
329
405
144
148
151
178
205
214
232
267
440
488
533
616
623
139
170
173
201
255
263
327
380
407
414
434
493
568
618
188
193
196
233
238
242
245
251
402
533
109
141
150
175
180
217
412
440
442
136
159
168
197
203
299
383
607
613
625
108
132
154
164
182
208
220
224
248
288
404
480
496
568
601
617
129
135
172
178
239
292
598
620
631
168
285
402
407
444
496
535
155
187
195
211
279
441
446
568
619
622
139
143
175
271
276
282
499
503
616
628
130
154
162
257
405
444
531
534
577
151
240
268
288
411
589
60
110
244
254
260
262
286
495
501
532
615
624
128
133
162
208
215
237
241
247
274
493
570
619
206
224
231
234
261
267
279
448
488
509
136
192
194
210
217
221
228
254
485
511
534
622
631
636
203
214
240
247
264
570
575
596
616
173
190
200
207
233
257
488
490
517
577
187
194
197
219
227
237
448
471
486
510
532
627
632
109
164
174
181
184
213
221
224
230
462
474
577
583
151
157
168
201
207
210
217
394
477
480
483
588
593
621
623
105
147
153
160
193
203
448
454
467
572
577
581
618
131
135
141
179
187
456
579
128
138
167
173
384
574
615
635
147
153
161
176
581
65
126
141
188
454
487
575
610
626
635
135
144
150
163
166
179
193
456
570
623
629
632
130
133
197
202
395
575
578
582
154
161
181
195
377
573
636
148
152
483
159
163
168
172
176
184
193
200
577
149
136
140
146
170
174
394
461
589
130
164
197
201
554
576
582
156
160
189
395
543
556
132
138
143
175
181
551
128
149
157
163
167
199
384
395
460
484
541
546
576
145
153
592
135
140
160
164
183
543
548
555
558
568
624
129
155
170
385
540
546
137
141
146
584
128
132
157
162
167
390
464
476
542
549
557
580
101
148
152
546
134
139
143
388
548
551
554
567
583
129
155
158
164
384
469
478
575
146
149
205
569
584
131
136
140
167
395
472
127
157
162
170
195
200
390
476
568
580
143
147
151
168
193
202
207
584
128
133
159
163
184
189
198
575
153
179
544
559
568
583
139
144
169
503
573
58
99
130
156
160
164
174
333
396
499
513
521
575
141
151
471
475
530
537
565
568
133
171
390
415
426
437
490
502
509
515
520
527
128
161
166
176
455
464
469
542
134
138
144
148
151
156
392
399
430
445
506
513
520
523
527
575
581
125
130
163
167
387
416
418
515
525
153
158
435
442
522
545
135
140
144
169
533
542
571
573
580
125
130
160
186
347
394
509
525
535
150
155
171
177
434
447
453
583
128
133
136
146
181
510
516
533
544
549
157
162
171
397
438
507
512
529
546
152
394
449
453
133
138
165
183
335
387
455
460
516
580
124
129
155
160
172
397
451
512
533
538
541
136
141
146
441
457
535
131
401
432
450
506
511
520
532
543
547
549
138
147
157
165
188
193
399
462
502
509
538
576
143
173
428
505
570
583
123
133
198
203
432
463
530
537
552
95
150
159
164
168
181
438
460
523
545
555
581
136
140
187
189
399
407
427
431
442
510
512
543
551
564
567
127
161
166
176
353
403
454
505
527
120
137
152
156
183
430
457
463
521
538
544
547
555
564
132
178
190
405
439
552
584
122
169
172
336
398
430
465
504
536
578
148
154
158
352
408
427
437
532
565
570
92
129
135
140
166
183
187
398
403
444
541
544
583
585
125
174
424
429
503
507
531
536
141
151
339
402
426
433
561
571
131
136
167
352
418
431
441
458
464
504
531
540
548
552
120
143
154
157
411
414
422
564
148
162
428
461
467
543
560
570
585
91
124
128
133
152
384
415
546
552
580
165
339
424
144
150
155
159
421
439
130
135
140
167
402
431
447
548
579
585
162
420
426
435
439
551
583
136
142
146
155
422
437
443
123
126
151
167
433
439
554
117
143
157
171
353
403
408
429
459
557
128
138
342
398
421
426
571
583
123
133
440
562
117
160
178
181
191
411
464
145
151
154
185
421
444
568
120
125
130
136
174
180
419
557
560
156
165
169
403
148
555
127
132
142
150
165
177
187
398
418
578
122
161
174
182
559
562
567
144
150
154
159
184
343
417
129
135
164
168
171
180
407
151
162
416
570
156
187
557
126
132
140
146
168
182
403
472
591
116
163
176
120
152
158
167
171
184
191
355
405
466
474
517
554
568
128
133
136
142
147
156
174
179
478
488
502
508
120
124
159
168
184
496
570
122
148
153
173
463
506
581
599
601
125
131
138
144
187
468
503
512
603
115
182
482
497
151
157
169
403
470
476
479
507
557
581
636
112
127
140
144
167
172
185
512
567
83
117
132
165
483
564
578
604
70
74
159
169
180
191
341
405
407
409
458
490
515
77
146
154
174
506
114
124
130
137
179
403
460
463
562
570
595
609
64
160
171
407
475
581
82
140
149
166
565
608
612
116
126
131
144
154
610
162
357
404
606
146
150
483
575
579
599
619
76
111
113
123
131
177
198
203
217
219
225
230
344
381
492
498
140
166
187
193
201
613
152
163
172
176
182
206
211
230
397
480
598
80
125
145
161
166
179
184
190
195
216
225
381
496
581
611
115
120
131
137
169
173
205
484
489
499
522
527
569
128
148
153
163
189
202
227
358
480
486
593
607
609
117
198
383
111
122
157
175
342
358
481
491
497
534
571
573
579
583
595
80
143
150
347
501
523
569
589
599
605
114
119
492
531
579
582
608
612
125
130
135
140
145
490
495
522
576
589
610
533
574
583
80
110
116
121
127
132
137
142
149
151
345
359
399
402
537
569
591
595
