169
159
168
159
149
162
165
159
166
138
161
148
165
158
161
160
160
 41
 88
 82
 41
165
 16
 19
 15
147
150
147
145
164
159
267
277
284
163
272
269
289
293
184
250
276
307
255
273
304
265
276
279
172
183
268
273
165
277
285
311
163
185
308
319
161
261
174
179
263
266
169
182
280
162
171
176
199
265
267
273
277
158
173
202
237
283
196
276
321
157
208
281
160
173
238
268
203
317
320
183
187
192
195
266
203
275
155
197
237
272
280
173
179
181
187
191
204
206
166
170
199
283
177
188
185
209
213
234
238
319
167
179
191
198
211
177
189
205
283
161
181
192
197
199
201
238
281
307
154
235
248
250
304
448
518
159
180
183
185
189
205
210
216
232
238
246
274
277
285
322
511
177
194
198
223
271
441
449
482
502
509
527
182
186
191
207
244
282
429
445
154
160
171
217
252
270
285
404
432
442
502
535
147
208
273
282
511
151
196
213
224
242
267
441
443
529
149
173
187
208
216
254
316
402
486
162
170
222
263
291
168
176
184
245
247
302
143
208
220
393
435
487
528
149
171
197
200
235
417
158
160
207
215
233
249
422
170
200
203
488
144
185
213
247
250
301
322
406
416
421
427
486
511
161
167
169
174
195
215
297
401
425
505
515
519
248
418
168
183
192
198
237
313
415
423
427
504
507
518
175
186
255
288
420
429
486
523
181
184
312
416
147
193
196
224
239
505
178
186
252
288
181
184
191
226
236
318
401
475
506
147
164
167
196
255
178
222
229
263
276
280
313
533
148
170
181
193
239
269
443
501
527
168
219
223
243
279
197
271
311
462
490
499
531
147
156
168
195
316
447
466
197
244
280
312
440
451
271
321
324
328
336
496
218
231
250
275
284
301
306
358
370
391
461
494
215
225
245
255
282
304
321
333
452
457
259
274
288
295
360
368
373
378
381
440
460
220
262
268
283
285
298
306
322
331
390
437
164
167
251
254
361
371
380
178
180
205
226
229
258
268
285
288
325
167
176
201
256
275
277
279
305
331
512
161
183
199
228
252
287
291
296
437
469
516
172
190
192
194
201
224
260
268
322
205
256
263
271
311
315
318
362
170
184
220
226
297
321
514
158
209
218
258
267
301
313
360
378
444
449
469
171
247
256
284
383
446
455
458
213
221
243
271
312
380
441
525
529
535
164
171
176
196
199
203
208
268
361
383
461
161
167
223
230
255
270
272
281
284
300
315
375
438
192
200
206
290
303
347
350
372
387
510
528
535
221
274
279
317
375
435
532
162
201
271
284
311
330
469
529
160
185
187
193
287
391
156
171
247
370
373
388
466
174
195
200
252
289
316
346
349
531
158
183
243
328
391
393
511
167
190
206
239
245
304
315
338
340
343
365
367
371
423
532
171
202
234
313
391
534
158
177
324
363
161
168
205
207
237
243
260
290
315
156
173
177
192
197
251
292
327
348
163
171
258
312
219
245
261
294
300
315
325
341
386
447
171
173
175
327
330
335
381
158
200
241
303
317
321
323
339
348
405
459
511
216
266
287
296
350
514
245
253
260
331
161
165
168
200
239
326
391
156
175
177
183
198
210
215
255
341
388
394
505
532
166
172
187
194
323
346
349
392
176
208
332
496
501
146
155
195
505
520
379
392
476
498
305
125
138
300
317
331
536
314
334
429
280
285
306
309
121
124
295
298
256
278
283
287
271
301
305
314
377
535
234
259
263
292
310
354
364
394
398
472
475
504
512
515
521
528
221
251
254
277
280
285
303
352
360
532
535
125
231
235
243
265
272
291
297
308
313
316
365
371
387
513
525
212
216
224
253
261
279
283
287
305
354
392
123
200
238
245
267
275
293
296
301
315
373
408
452
485
516
525
530
120
145
233
254
259
263
288
311
371
375
380
398
455
476
501
511
535
170
187
239
247
251
272
276
281
299
302
357
394
405
504
529
122
149
152
159
231
236
266
287
295
313
337
351
470
472
474
479
485
520
 68
141
143
162
205
220
223
249
254
257
271
274
279
392
407
461
488
 65
159
208
216
242
268
289
293
311
316
354
358
399
535
150
192
196
200
229
259
262
281
284
303
307
335
337
482
514
 64
 67
119
141
145
210
213
217
243
251
276
292
295
299
313
315
358
525
170
201
228
231
257
265
284
287
309
347
480
528
534
 70
190
195
215
220
250
271
274
279
298
316
336
531
 62
 98
170
200
208
242
244
262
266
285
289
293
310
356
524
 65
 71
 96
141
147
159
168
191
233
252
259
281
299
303
335
338
519
 67
183
213
217
239
243
248
266
273
295
314
319
343
141
172
175
179
194
235
257
260
283
288
305
155
159
166
182
184
215
219
224
275
293
297
317
 68
143
145
168
199
207
233
238
263
267
271
309
312
162
191
226
252
256
278
281
286
304
519
528
532
538
167
182
210
218
220
236
239
243
247
273
292
144
197
202
223
227
231
258
279
284
386
393
146
215
268
275
390
453
455
495
185
199
207
233
237
252
259
264
294
317
412
460
487
162
166
179
187
191
255
288
309
313
561
169
213
240
243
247
270
301
305
137
146
181
185
197
201
227
265
292
296
318
148
153
189
215
223
255
263
280
285
172
207
246
272
277
299
567
163
177
181
191
198
230
260
268
294
167
225
252
257
282
456
552
568
150
155
161
174
181
232
237
248
312
397
166
170
303
148
157
224
307
314
399
423
175
204
208
216
310
445
188
192
196
297
302
317
403
139
144
155
178
219
290
293
312
568
160
172
206
213
256
258
280
304
308
141
144
153
269
273
296
299
319
404
 61
137
176
234
261
287
310
315
399
507
252
257
275
279
302
305
568
239
245
264
266
271
290
294
297
317
510
228
259
286
308
185
220
224
250
254
277
281
299
303
317
321
504
512
137
148
177
212
264
268
272
310
507
517
169
191
200
203
234
249
256
301
521
150
184
188
218
240
244
275
289
293
314
317
322
342
506
138
141
172
176
209
228
234
236
259
262
271
283
308
339
344
355
361
364
368
373
159
168
194
197
207
232
254
278
297
300
349
501
522
144
148
153
181
211
216
220
237
242
268
292
315
320
344
170
199
204
230
260
264
280
307
311
357
367
153
162
187
214
224
252
271
295
298
303
323
520
144
171
179
209
222
236
239
266
287
290
364
374
525
163
165
204
227
232
254
263
278
282
339
345
369
139
144
150
152
159
190
219
246
249
269
274
297
316
321
349
355
360
134
168
176
207
211
237
261
295
309
358
367
498
522
195
199
225
252
256
276
300
337
344
348
527
179
186
213
244
248
292
320
170
208
228
232
260
263
283
288
311
524
151
157
159
162
201
223
253
271
274
279
340
352
403
134
138
146
187
206
211
215
237
247
266
348
197
203
230
232
256
262
497
527
147
151
153
159
189
217
243
250
320
338
112
136
143
172
176
180
449
158
163
168
192
201
225
235
352
494
146
153
186
215
317
322
341
349
442
447
525
 58
133
137
172
199
208
285
309
313
325
149
160
186
191
221
280
300
304
347
351
455
459
154
180
287
295
316
320
466
527
173
216
259
263
282
310
448
471
156
161
188
214
246
270
274
278
323
525
132
140
146
178
208
233
256
290
303
313
471
493
533
 58
166
204
225
261
281
309
467
489
148
180
184
189
192
216
221
244
248
271
296
301
305
469
134
142
172
207
231
236
259
263
287
292
476
520
156
168
199
219
223
254
283
472
488
490
494
569
 59
143
148
215
242
246
269
274
296
302
479
484
131
207
234
256
261
475
136
166
193
197
248
326
486
498
565
571
 57
142
149
181
185
189
212
216
244
264
273
300
320
343
479
578
617
169
172
176
200
203
208
227
235
239
252
257
289
294
499
559
568
625
 42
160
190
195
219
246
276
280
329
405
533
561
139
144
148
151
178
205
214
232
267
440
488
623
170
173
201
255
259
263
327
380
407
414
434
493
531
568
618
188
192
196
242
245
250
322
402
420
534
141
149
175
180
217
233
237
412
440
613
136
159
168
197
203
229
299
383
531
608
108
132
147
154
164
182
220
224
248
288
344
404
480
496
568
601
612
617
627
135
172
178
207
239
292
598
631
129
168
195
285
402
407
496
535
625
628
155
183
187
211
272
279
288
441
446
567
619
622
139
143
170
175
265
282
400
582
616
131
162
257
274
276
404
411
498
503
531
534
577
627
145
154
240
267
269
290
444
589
 60
110
133
244
254
260
274
286
447
495
501
532
615
621
623
626
128
161
208
215
237
240
242
247
249
267
492
570
619
147
206
217
224
231
279
448
488
509
135
192
194
210
228
234
254
511
622
631
635
197
204
214
220
240
247
264
485
570
575
596
616
173
200
207
233
257
448
488
490
516
577
163
177
190
195
213
221
469
471
510
532
581
586
615
629
632
 62
109
181
184
187
224
230
237
464
474
569
573
577
151
157
173
193
200
206
210
217
477
480
483
534
588
593
621
105
138
154
160
162
168
204
332
394
448
453
467
572
577
580
125
131
179
186
384
456
134
136
138
141
147
167
173
615
635
153
155
161
487
572
582
620
631
 65
127
141
175
183
188
454
575
610
626
635
133
135
144
150
163
166
179
193
456
570
621
629
632
130
157
197
202
578
582
148
154
161
181
190
377
395
484
570
576
635
139
152
177
159
163
168
172
184
200
570
149
154
187
192
136
140
145
174
178
461
582
588
131
164
169
197
201
395
554
156
160
189
543
577
138
142
176
180
384
557
128
133
149
158
162
167
171
199
484
538
543
546
552
554
576
145
153
461
568
591
135
140
160
164
169
183
543
549
554
624
129
151
155
385
546
132
137
142
146
395
541
584
128
157
162
166
464
476
549
556
101
148
152
559
580
134
139
143
388
546
549
554
567
583
129
155
158
164
385
391
469
478
575
146
149
472
569
131
136
140
166
205
395
127
152
156
161
181
195
200
476
143
147
168
203
207
390
569
574
580
584
128
133
159
163
189
193
198
153
175
179
184
544
559
568
583
139
144
169
501
503
 58
 99
130
156
160
165
174
333
395
499
513
562
575
146
151
447
471
475
536
132
171
390
415
426
437
490
502
504
510
515
520
527
530
569
127
161
166
176
455
544
134
138
143
148
151
156
392
399
431
442
447
466
506
523
527
125
130
163
167
387
416
516
525
569
582
153
158
435
449
508
522
532
544
135
140
144
169
400
542
573
130
186
347
394
437
451
509
125
142
146
155
160
176
181
384
434
447
454
546
583
128
132
136
150
171
510
516
533
157
162
397
438
453
507
512
529
544
549
571
143
152
394
449
547
579
133
139
164
183
335
387
398
516
124
129
155
160
172
404
452
457
460
512
533
538
541
136
141
146
432
535
544
578
581
131
399
401
429
439
503
506
521
550
573
138
148
157
164
188
193
201
462
524
533
538
571
576
143
173
458
502
583
133
167
191
198
203
428
460
531
537
552
 95
123
150
154
159
164
181
399
438
442
463
524
545
555
581
136
140
175
187
189
407
427
504
511
543
567
577
127
130
161
166
170
353
454
527
556
560
120
151
156
183
430
433
458
521
539
544
547
563
132
137
142
178
191
405
439
462
552
159
172
336
427
430
458
465
504
536
558
578
122
148
154
168
187
352
403
532
565
570
583
 92
129
135
140
175
183
398
407
436
444
544
554
585
125
156
161
166
354
429
433
507
531
542
141
146
151
339
425
536
549
561
568
571
131
136
167
352
406
418
441
458
464
531
540
552
120
143
154
157
162
415
421
430
564
148
403
428
460
467
544
560
570
 91
125
128
133
152
339
384
424
546
552
580
165
584
144
149
154
160
421
428
440
548
130
135
140
167
401
431
447
553
579
119
162
419
426
435
439
583
142
146
155
422
443
551
123
127
132
136
151
167
433
554
117
143
148
158
171
353
403
409
429
440
459
465
557
128
138
342
398
426
571
583
123
133
405
420
440
464
561
117
159
163
178
181
191
410
462
145
150
154
185
422
444
568
120
125
130
135
140
174
180
419
557
560
157
165
169
403
148
555
117
127
132
142
150
177
187
398
578
122
161
174
182
559
562
567
581
149
154
159
343
417
129
135
143
164
168
171
180
184
407
120
124
162
416
570
146
151
156
187
127
132
139
164
182
403
472
591
116
168
177
406
554
557
120
152
157
171
190
355
466
474
517
560
568
128
134
136
141
147
169
179
184
478
488
502
508
123
570
148
153
159
163
173
463
468
496
501
562
131
138
143
187
474
483
503
512
582
602
115
120
125
169
182
403
635
149
157
161
167
470
476
479
507
557
581
112
127
141
144
152
172
185
191
512
604
 83
117
132
170
458
483
491
564
567
 70
 74
122
159
164
180
191
341
407
515
578
 77
143
146
154
507
608
114
124
129
135
137
179
403
407
460
463
562
595
 64
 66
161
171
475
570
581
612
 82
111
140
149
159
165
564
608
116
125
132
138
144
154
404
594
610
162
357
561
136
141
146
156
228
483
575
599
605
618
 76
113
123
131
150
177
193
203
217
219
225
230
344
381
498
579
164
166
187
198
152
172
176
182
195
200
206
211
216
480
486
492
529
595
598
 80
125
131
145
161
166
180
184
190
381
496
523
581
612
115
120
136
169
173
484
489
499
527
569
153
163
189
202
227
358
397
481
487
492
593
605
609
117
127
198
383
579
583
111
122
133
155
157
175
342
358
482
491
497
534
571
573
595
 80
143
150
347
501
523
569
599
604
486
531
576
582
608
114
119
125
130
135
140
145
490
496
522
590
612
533
571
583
